$ANSIBLE_VAULT;1.1;AES256
61336636663638336164333963363937623536663434663836663634323864333733326631623461
3330393038666330666136373137383465366237393162640a336139313065396361376566393833
39643735393465323536346235393937393166386437336536643535656632663533396566363839
6634666236656632380a326264376331366235366532363436653737643266653262353136393365
64353861316236616237393761626261636539336232626136353534346130323137383263646235
33653165383330373935643932386331333030633633376537313766363830633665316136613165
30633437346434366462636430623437333562646136343362356533646237373364336530373737
64343039633438363337343436353562323831623139353139326230666466306366346635333731
62323664346335313934666233643264663261626232313932346663343435623039323535373265
37366631623530326534356532303537396166653534663734666164393836663031343331383163
63666430326636366232656630626236303535633665393236306166613562616137313265326537
36336365623132343432383263336133626163303237353230333334306231663666623635386465
6165
